items:
- layout: 71666a01-caaf-440f-8478-f54f42be596e
  size: 0.6887052
- layout: bac55726-775c-453f-8dda-17e9c7f0c618
  size: 0.31129476
