items:
- layout: c9bbe9fc-5aa5-4381-a7d7-9f95bffb0261
  size: 0.15804294
- layout: 79a52a06-e822-401a-87d5-4ae0d2910364
  size: 0.6416755
- layout: 3101e07f-ef1a-4fe0-9b0b-f945fed95866
  size: 0.20028159
