items:
- layout: e850d60d-2c95-446e-b176-2b65b9ff442c
  size: 0.21109399
- layout: 935e2254-1c55-4178-b2bf-344c9ec365d2
  size: 0.78890604
